$ANSIBLE_VAULT;1.1;AES256
30383332353732383861306630656437313165633766623531336334633863656338343238613339
3661626337363432656233353938646339663033393737650a393066623166326534353961306232
39646634346238373036373561326561613831373934646233336261656539663135343163333238
6337653963343164350a653062343033376233373036633734623564353061333139366235633661
32333961323337636234653037323239303464626534373136303135343266316237323236376563
61363064306632316237666330363261383433633765356336333431346537636333386339643566
36343832613631393431303063333632353763326230646231336533613536353938343966373262
32323666636362656265313239353936303032386230643663656439373762396439613266303636
32396165663131653566343565313762643961303332333030626264333062346663366562356135
66636536333630343365623536313634646161376633306432626566383839396334356135623330
37336431613639646337636432633661353330376138346232636535623937623764646636313638
32313462326164373865316162313863323539373832373034656236346439363332626233326436
63303630393832626162343230663265333631623564646466353761633232343337633762666330
30666636376635333865343131653961313964656135636166396362653263343836653031633161
65393663396265323032313332306561393630616666653362646437373935386532316231623364
64303261333531663366393537393836613661613931663062383262303162396362333533383163
32303332303164623837363534313865643063363063353934613164396337346465663335376166
64356230376262623064656136623966656665373263323934333366303136313539376462363834
32313665633233356661633166323863633035626431663661346166336666656635366438383036
39313534386133643230336532613839386364633137653461306666366132326261626664316664
64656562373063323233663062313535363832383233346564373234636638383332356431613762
61373930663764363231626664386431666131626464646561386663313864623636383632303362
66666336396335383462323030373530626338333833376162343463663838393532353033363034
61363065393838343233383261613631396532343630303364313436336636636565613465326635
33366232316537363363393866393835386330663262646433323334613561326136
